list(n.nonindexed = 184336, n.indexed = 240776, n.persons = 20410, n.regions = 8)
